breakdown_colors <- c(
  "#c11549",
  "#db4c8f",
  "#2386dd",
  "#f4ccb2",
  "#1fc121",
  "#f7b2be",
  "#cd4fdd",
  "#ed3d69",
  "#e09e7d",
  "#e24dbb",
  "#f4dc9f",
  "#09bc83",
  "#e5520d",
  "#f4095f",
  "#849b11",
  "#b2ed5a",
  "#b2a2f2",
  "#78b8d3",
  "#c9e6ff",
  "#9effb7",
  "#edcf57",
  "#fce26c",
  "#00d0f4",
  "#b489d6",
  "#c1fc6f",
  "#4be56d",
  "#82d2ed",
  "#0306af",
  "#ffccf2",
  "#0dc110",
  "#baf26d",
  "#87ef73",
  "#d30a9e",
  "#02dd65",
  "#a86ef4",
  "#bfcc37",
  "#bc07ad",
  "#f2a99b",
  "#7c2fb7",
  "#dd5dae",
  "#fcb4ae"
)


