# From http://tools.medialab.sciences-po.fr/iwanthue/

breakdown_colors <- c(
  "#707129",
  "#9656ce",
  "#5db949",
  "#c548aa",
  "#a4b434",
  "#5d70dc",
  "#dd8d2d",
  "#4673b5",
  "#cba138",
  "#cb84df",
  "#3f8141",
  "#d8417f",
  "#5fbb84",
  "#d73e4a",
  "#3dbabe",
  "#c84723",
  "#84a3e2",
  "#dc723b",
  "#7b59a4",
  "#abaf63",
  "#9f4e7a",
  "#de986e",
  "#e18bb7",
  "#995e2d",
  "#be5a5f"
)


