# From http://tools.medialab.sciences-po.fr/iwanthue/

breakdown_colors <- c(
  "#56bca0",
  "#c458c7",
  "#53c24c",
  "#765dd1",
  "#8ebc3a",
  "#577fe4",
  "#d7b031",
  "#5365a7",
  "#b4b534",
  "#86549f",
  "#409337",
  "#de4591",
  "#47c686",
  "#dd3b5c",
  "#3abbcc",
  "#d44929",
  "#659cd8",
  "#e27b2d",
  "#ad8edf",
  "#708b31",
  "#a94089",
  "#8bbc71",
  "#d686c1",
  "#387f50",
  "#b13f38",
  "#b8ac5f",
  "#a04965",
  "#e6a343",
  "#e3808c",
  "#6e6c29",
  "#e77f5f",
  "#b18224",
  "#a05940",
  "#d29b69",
  "#985d24"
)


