# From http://tools.medialab.sciences-po.fr/iwanthue/

breakdown_colors <- c(
  "#9c47db",
  "#5bbc42",
  "#d543ba",
  "#6263d7",
  "#dc9132",
  "#6d88d4",
  "#df412f",
  "#59ba8b",
  "#dc3b77",
  "#5a7a36",
  "#ce83db",
  "#926a2f",
  "#93529e",
  "#a0b089",
  "#a64c6d",
  "#66aecb",
  "#a84632",
  "#487e74",
  "#df7753",
  "#606791",
  "#d2a479",
  "#c59abf",
  "#946c5f",
  "#e1808d"
)


